spawns: 
  default: 
    world: world
    x: -0.6080321183769765
    y: 70.0
    z: -1.2214909162076524
    yaw: 89.497574
    pitch: -4.9498153
